/*--------------------------------*- C++ -*----------------------------------*\
  =========                 |
  \\      /  F ield         | OpenFOAM: The Open Source CFD Toolbox
   \\    /   O peration     | Website:  https://openfoam.org
    \\  /    A nd           | Version:  dev
     \\/     M anipulation  |
\*---------------------------------------------------------------------------*/
FoamFile
{
    format      ascii;
    class       labelList;
    note        "nPoints: 4500 nCells: 2108 nFaces: 8573 nInternalFaces: 4075";
    location    "constant/polyMesh";
    object      neighbour;
}
// * * * * * * * * * * * * * * * * * * * * * * * * * * * * * * * * * * * * * //


4075
(
1
17
2
18
3
19
4
20
5
21
6
22
7
23
8
24
9
25
10
26
11
27
12
28
13
29
14
30
15
31
16
32
33
18
34
19
35
20
36
21
37
22
38
23
39
24
40
25
41
26
42
27
43
28
44
29
45
30
46
31
47
32
48
33
49
50
35
51
36
52
37
53
38
54
39
55
40
56
41
57
42
58
43
59
44
60
45
61
46
62
47
63
48
64
49
65
50
66
67
52
68
53
69
54
70
55
71
56
72
57
73
58
74
59
75
60
76
61
77
62
78
63
79
64
80
65
81
66
82
67
83
84
69
85
70
86
71
87
72
88
73
89
74
90
75
91
76
92
77
93
78
94
79
95
80
96
81
97
82
98
83
99
84
100
101
86
102
87
103
88
104
89
105
90
106
91
107
92
108
93
109
94
110
95
111
96
112
97
113
98
114
99
115
100
116
101
117
118
103
119
104
120
105
121
106
122
107
123
108
124
109
125
110
126
111
127
112
128
113
129
114
130
115
131
116
132
117
133
118
134
135
120
136
121
137
122
138
123
139
124
140
125
141
126
142
127
143
128
144
129
145
130
146
131
147
132
148
133
149
134
150
135
151
152
137
153
138
154
139
155
140
156
141
157
142
158
143
159
144
160
145
161
146
162
147
163
148
164
149
165
150
166
151
167
152
168
169
154
170
155
171
156
172
157
173
158
174
159
175
160
176
161
177
162
178
163
179
164
180
165
181
166
182
167
183
168
184
169
185
186
171
187
172
188
173
189
174
190
175
191
176
192
177
193
178
194
179
195
180
196
181
197
182
198
183
199
184
200
185
201
186
202
203
188
204
189
205
190
206
191
207
192
208
193
209
194
210
195
211
196
212
197
213
198
214
199
215
200
216
201
217
202
218
203
219
220
205
221
206
222
207
223
208
224
209
225
210
226
211
227
212
228
213
229
214
230
215
231
216
232
217
233
218
234
219
235
220
236
237
222
238
223
239
224
240
225
241
226
242
227
243
228
244
229
245
230
246
231
247
232
248
233
249
234
250
235
251
236
252
237
253
254
239
255
240
256
241
257
242
258
243
259
244
260
245
261
246
262
247
263
248
264
249
265
250
266
251
267
252
268
253
269
254
270
271
256
272
257
273
258
274
259
275
260
276
261
277
262
278
263
279
264
280
265
281
266
282
267
283
268
284
269
285
270
286
271
287
288
273
289
274
290
275
291
276
292
277
293
278
294
279
295
280
296
281
297
282
298
283
299
284
300
285
301
286
302
287
303
288
304
305
290
306
291
307
292
308
293
309
294
310
295
311
296
312
297
313
298
314
299
315
300
316
301
317
302
318
303
319
304
320
305
321
322
307
323
308
324
309
325
310
326
311
327
312
328
313
329
314
330
315
331
316
332
317
333
318
334
319
335
320
336
321
337
322
338
339
324
340
325
341
326
342
327
343
328
344
329
345
330
346
331
347
332
348
333
349
334
350
335
351
336
352
337
353
338
354
339
355
356
341
357
342
358
343
359
344
360
345
361
346
362
347
363
348
364
349
365
350
366
351
367
352
368
353
369
354
370
355
371
356
372
373
358
374
359
375
360
376
361
377
362
378
363
379
364
380
365
381
366
382
367
383
368
384
369
385
370
386
371
387
372
388
373
389
390
375
391
376
392
377
393
378
394
379
395
380
396
381
397
382
398
383
399
384
400
385
401
386
402
387
403
388
404
389
405
390
406
407
392
408
393
409
394
410
395
411
396
412
397
413
398
414
399
415
400
416
401
417
402
418
403
419
404
420
405
421
406
422
407
423
424
409
425
410
426
411
427
412
428
413
429
414
430
415
431
416
432
417
433
418
434
419
435
420
436
421
437
422
438
423
439
424
440
441
426
442
427
443
428
444
429
445
430
446
431
447
432
448
433
449
434
450
435
451
436
452
437
453
438
454
439
455
440
456
441
457
458
443
459
444
460
445
461
446
462
447
463
448
464
449
465
450
466
451
467
452
468
453
469
454
470
455
471
456
472
457
473
458
474
475
460
476
461
477
462
478
463
479
464
480
465
481
466
482
467
483
468
484
469
485
470
486
471
487
472
488
473
489
474
490
475
491
492
477
493
478
494
479
495
480
496
481
497
482
498
483
499
484
500
485
501
486
502
487
503
488
504
489
505
490
506
491
507
492
508
509
494
510
495
511
496
512
497
513
498
514
499
515
500
516
501
517
502
518
503
519
504
520
505
521
506
522
507
523
508
524
509
525
526
511
527
512
528
513
529
514
530
515
531
516
532
517
533
518
534
519
535
520
536
521
537
522
538
523
539
524
540
525
541
526
542
543
528
544
529
545
530
546
531
547
532
548
533
549
534
550
535
551
536
552
537
553
538
554
539
555
540
556
541
557
542
558
543
559
560
545
561
546
562
547
563
548
564
549
565
550
566
551
567
552
568
553
569
554
570
555
571
556
572
557
573
558
574
559
575
560
576
577
562
578
563
579
564
580
565
581
566
582
567
583
568
584
569
585
570
586
571
587
572
588
573
589
574
590
575
591
576
592
577
593
594
579
595
580
596
581
597
582
598
583
599
584
600
585
601
586
602
587
603
588
604
589
605
590
606
591
607
592
608
593
609
594
610
611
596
612
597
613
598
614
599
615
600
616
601
617
602
618
603
619
604
620
605
621
606
622
607
623
608
624
609
625
610
626
611
627
628
613
629
614
630
615
631
616
632
617
633
618
634
619
635
620
636
621
637
622
638
623
639
624
640
625
641
626
642
627
643
628
644
645
630
646
631
647
632
648
633
649
634
650
635
651
636
652
637
653
638
654
639
655
640
656
641
657
642
658
643
659
644
660
645
661
662
647
663
648
664
649
665
650
666
651
667
652
668
653
669
654
670
655
671
656
672
657
673
658
674
659
675
660
676
661
677
662
678
679
664
680
665
681
666
682
667
683
668
684
669
685
670
686
671
687
672
688
673
689
674
690
675
691
676
692
677
693
678
694
679
695
696
681
697
682
698
683
699
684
700
685
701
686
702
687
703
688
704
689
705
690
706
691
707
692
708
693
709
694
710
695
711
696
712
713
698
714
699
715
700
716
701
717
702
718
703
719
704
720
705
721
706
722
707
723
708
724
709
725
710
726
711
727
712
728
713
729
730
715
731
716
732
717
733
718
734
719
735
720
736
721
737
722
738
723
739
724
740
725
741
726
742
727
743
728
744
729
745
730
746
747
732
748
733
749
734
750
735
751
736
752
737
753
738
754
739
755
740
756
741
757
742
758
743
759
744
760
745
761
746
762
747
763
764
749
765
750
766
751
767
752
768
753
769
754
770
755
771
756
772
757
773
758
774
759
775
760
776
761
777
762
778
763
779
764
780
781
766
782
767
783
768
784
769
785
770
786
771
787
772
788
773
789
774
790
775
791
776
792
777
793
778
794
779
795
780
796
781
797
798
783
799
784
800
785
801
786
802
787
803
788
804
789
805
790
806
791
807
792
808
793
809
794
810
795
811
796
812
797
813
798
814
815
800
816
801
817
802
818
803
819
804
820
805
821
806
822
807
823
808
824
809
825
810
826
811
827
812
828
813
829
814
830
815
831
832
817
833
818
834
819
835
820
836
821
837
822
838
823
839
824
840
825
841
826
842
827
843
828
844
829
845
830
846
831
847
832
848
849
834
850
835
851
836
852
837
853
838
854
839
855
840
856
841
857
842
858
843
859
844
860
845
861
846
862
847
863
848
864
849
865
866
851
867
852
868
853
869
854
870
855
871
856
872
857
873
858
874
859
875
860
876
861
877
862
878
863
879
864
880
865
881
866
882
883
868
884
869
885
870
886
871
887
872
888
873
889
874
890
875
891
876
892
877
893
878
894
879
895
880
896
881
897
882
898
883
899
900
885
901
886
902
887
903
888
904
889
905
890
906
891
907
892
908
893
909
894
910
895
911
896
912
897
913
898
914
899
915
900
916
917
902
918
903
919
904
920
905
921
906
922
907
923
908
924
909
925
910
926
911
927
912
928
913
929
914
930
915
931
916
932
917
933
934
919
935
920
936
921
937
922
938
923
939
924
940
925
941
926
942
927
943
928
944
929
945
930
946
931
947
932
948
933
949
934
950
951
936
952
937
953
938
954
939
955
940
956
941
957
942
958
943
959
944
960
945
961
946
962
947
963
948
964
949
965
950
966
951
967
968
953
969
954
970
955
971
956
972
957
973
958
974
959
975
960
976
961
977
962
978
963
979
964
980
965
981
966
982
967
983
968
984
985
970
986
971
987
972
988
973
989
974
990
975
991
976
992
977
993
978
994
979
995
980
996
981
997
982
998
983
999
984
1000
985
1001
1002
987
1003
988
1004
989
1005
990
1006
991
1007
992
1008
993
1009
994
1010
995
1011
996
1012
997
1013
998
1014
999
1015
1000
1016
1001
1017
1002
1018
1019
1004
1020
1005
1021
1006
1022
1007
1023
1008
1024
1009
1025
1010
1026
1011
1027
1012
1028
1013
1029
1014
1030
1015
1031
1016
1032
1017
1033
1018
1034
1019
1035
1036
1021
1037
1022
1038
1023
1039
1024
1040
1025
1041
1026
1042
1027
1043
1028
1044
1029
1045
1030
1046
1031
1047
1032
1048
1033
1049
1034
1050
1035
1051
1036
1052
1053
1038
1054
1039
1055
1040
1056
1041
1057
1042
1058
1043
1059
1044
1060
1045
1061
1046
1062
1047
1063
1048
1064
1049
1065
1050
1066
1051
1067
1052
1068
1053
1069
1070
1055
1071
1056
1072
1057
1073
1058
1074
1059
1075
1060
1076
1061
1077
1062
1078
1063
1079
1064
1080
1065
1081
1066
1082
1067
1083
1068
1084
1069
1085
1070
1086
1087
1072
1088
1073
1089
1074
1090
1075
1091
1076
1092
1077
1093
1078
1094
1079
1095
1080
1096
1081
1097
1082
1098
1083
1099
1084
1100
1085
1101
1086
1102
1087
1103
1104
1089
1105
1090
1106
1091
1107
1092
1108
1093
1109
1094
1110
1095
1111
1096
1112
1097
1113
1098
1114
1099
1115
1100
1116
1101
1117
1102
1118
1103
1119
1104
1120
1121
1106
1122
1107
1123
1108
1124
1109
1125
1110
1126
1111
1127
1112
1128
1113
1129
1114
1130
1115
1131
1116
1132
1117
1133
1118
1134
1119
1135
1120
1136
1121
1137
1138
1123
1139
1124
1140
1125
1141
1126
1142
1127
1143
1128
1144
1129
1145
1130
1146
1131
1147
1132
1148
1133
1149
1134
1150
1135
1151
1136
1152
1137
1153
1138
1154
1155
1140
1156
1141
1157
1142
1158
1143
1159
1144
1160
1145
1161
1146
1162
1147
1163
1148
1164
1149
1165
1150
1166
1151
1167
1152
1168
1153
1169
1154
1170
1155
1171
1172
1157
1173
1158
1174
1159
1175
1160
1176
1161
1177
1162
1178
1163
1179
1164
1180
1165
1181
1166
1182
1167
1183
1168
1184
1169
1185
1170
1186
1171
1187
1172
1188
1189
1174
1190
1175
1191
1176
1192
1177
1193
1178
1194
1179
1195
1180
1196
1181
1197
1182
1198
1183
1199
1184
1200
1185
1201
1186
1202
1187
1203
1188
1204
1189
1205
1206
1191
1207
1192
1208
1193
1209
1194
1210
1195
1211
1196
1212
1197
1213
1198
1214
1199
1215
1200
1216
1201
1217
1202
1218
1203
1219
1204
1220
1205
1221
1206
1222
1223
1208
1224
1209
1225
1210
1226
1211
1227
1212
1228
1213
1229
1214
1230
1215
1231
1216
1232
1217
1233
1218
1234
1219
1235
1220
1236
1221
1237
1222
1238
1223
1239
1240
1225
1241
1226
1242
1227
1243
1228
1244
1229
1245
1230
1246
1231
1247
1232
1248
1233
1249
1234
1250
1235
1251
1236
1252
1237
1253
1238
1254
1239
1255
1240
1256
1257
1242
1258
1243
1259
1244
1260
1245
1261
1246
1262
1247
1263
1248
1264
1249
1265
1250
1266
1251
1267
1252
1268
1253
1269
1254
1270
1255
1271
1256
1272
1257
1273
1274
1259
1275
1260
1276
1261
1277
1262
1278
1263
1279
1264
1280
1265
1281
1266
1282
1267
1283
1268
1284
1269
1285
1270
1286
1271
1287
1272
1288
1273
1289
1274
1290
1291
1276
1292
1277
1293
1278
1294
1279
1295
1280
1296
1281
1297
1282
1298
1283
1299
1284
1300
1285
1301
1286
1302
1287
1303
1288
1304
1289
1305
1290
1306
1291
1307
1308
1293
1309
1294
1310
1295
1311
1296
1312
1297
1313
1298
1314
1299
1315
1300
1316
1301
1317
1302
1318
1303
1319
1304
1320
1305
1321
1306
1322
1307
1323
1308
1324
1325
1310
1326
1311
1327
1312
1328
1313
1329
1314
1330
1315
1331
1316
1332
1317
1333
1318
1334
1319
1335
1320
1336
1321
1337
1322
1338
1323
1339
1324
1340
1325
1341
1342
1327
1343
1328
1344
1329
1345
1330
1346
1331
1347
1332
1348
1333
1349
1334
1350
1335
1351
1336
1352
1337
1353
1338
1354
1339
1355
1340
1356
1341
1357
1342
1358
1359
1344
1360
1345
1361
1346
1362
1347
1363
1348
1364
1349
1365
1350
1366
1351
1367
1352
1368
1353
1369
1354
1370
1355
1371
1356
1372
1357
1373
1358
1374
1359
1375
1376
1361
1377
1362
1378
1363
1379
1364
1380
1365
1381
1366
1382
1367
1383
1368
1384
1369
1385
1370
1386
1371
1387
1372
1388
1373
1389
1374
1390
1375
1391
1376
1392
1393
1378
1394
1379
1395
1380
1396
1381
1397
1382
1398
1383
1399
1384
1400
1385
1401
1386
1402
1387
1403
1388
1404
1389
1405
1390
1406
1391
1407
1392
1408
1393
1409
1410
1395
1411
1396
1412
1397
1413
1398
1414
1399
1415
1400
1416
1401
1417
1402
1418
1403
1419
1404
1420
1405
1421
1406
1422
1407
1423
1408
1424
1409
1425
1410
1426
1427
1412
1428
1413
1429
1414
1430
1415
1431
1416
1432
1417
1433
1418
1434
1419
1435
1420
1436
1421
1437
1422
1438
1423
1439
1424
1440
1425
1441
1426
1442
1427
1443
1444
1429
1445
1430
1446
1431
1447
1432
1448
1433
1449
1434
1450
1435
1451
1436
1452
1437
1453
1438
1454
1439
1455
1440
1456
1441
1457
1442
1458
1443
1459
1444
1460
1461
1446
1462
1447
1463
1448
1464
1449
1465
1450
1466
1451
1467
1452
1468
1453
1469
1454
1470
1455
1471
1456
1472
1457
1473
1458
1474
1459
1475
1460
1476
1461
1477
1478
1463
1479
1464
1480
1465
1481
1466
1482
1467
1483
1468
1484
1469
1485
1470
1486
1471
1487
1472
1488
1473
1489
1474
1490
1475
1491
1476
1492
1477
1493
1478
1494
1495
1480
1496
1481
1497
1482
1498
1483
1499
1484
1500
1485
1501
1486
1502
1487
1503
1488
1504
1489
1505
1490
1506
1491
1507
1492
1508
1493
1509
1494
1510
1495
1511
1512
1497
1513
1498
1514
1499
1515
1500
1516
1501
1517
1502
1518
1503
1519
1504
1520
1505
1521
1506
1522
1507
1523
1508
1524
1509
1525
1510
1526
1511
1527
1512
1528
1529
1514
1530
1515
1531
1516
1532
1517
1533
1518
1534
1519
1535
1520
1536
1521
1537
1522
1538
1523
1539
1524
1540
1525
1541
1526
1542
1527
1543
1528
1544
1529
1545
1546
1531
1547
1532
1548
1533
1549
1534
1550
1535
1551
1536
1552
1537
1553
1538
1554
1539
1555
1540
1556
1541
1557
1542
1558
1543
1559
1544
1560
1545
1561
1546
1562
1563
1548
1564
1549
1565
1550
1566
1551
1567
1552
1568
1553
1569
1554
1570
1555
1571
1556
1572
1557
1573
1558
1574
1559
1575
1560
1576
1561
1577
1562
1578
1563
1579
1580
1565
1581
1566
1582
1567
1583
1568
1584
1569
1585
1570
1586
1571
1587
1572
1588
1573
1589
1574
1590
1575
1591
1576
1592
1577
1593
1578
1594
1579
1595
1580
1596
1597
1582
1598
1583
1599
1584
1600
1585
1601
1586
1602
1587
1603
1588
1604
1589
1605
1590
1606
1591
1607
1592
1608
1593
1609
1594
1610
1595
1611
1596
1612
1597
1613
1614
1599
1615
1600
1616
1601
1617
1602
1618
1603
1619
1604
1620
1605
1621
1606
1622
1607
1623
1608
1624
1609
1625
1610
1626
1611
1627
1612
1628
1613
1629
1614
1630
1631
1616
1632
1617
1633
1618
1634
1619
1635
1620
1636
1621
1637
1622
1638
1623
1639
1624
1640
1625
1641
1626
1642
1627
1643
1628
1644
1629
1645
1630
1646
1631
1647
1648
1633
1649
1634
1650
1635
1651
1636
1652
1637
1653
1638
1654
1639
1655
1640
1656
1641
1657
1642
1658
1643
1659
1644
1660
1645
1661
1646
1662
1647
1663
1648
1664
1665
1650
1666
1651
1667
1652
1668
1653
1669
1654
1670
1655
1671
1656
1672
1657
1673
1658
1674
1659
1675
1660
1676
1661
1677
1662
1678
1663
1679
1664
1680
1665
1681
1682
1667
1683
1668
1684
1669
1685
1670
1686
1671
1687
1672
1688
1673
1689
1674
1690
1675
1691
1676
1692
1677
1693
1678
1694
1679
1695
1680
1696
1681
1697
1682
1698
1699
1684
1700
1685
1701
1686
1702
1687
1703
1688
1704
1689
1705
1690
1706
1691
1707
1692
1708
1693
1709
1694
1710
1695
1711
1696
1712
1697
1713
1698
1714
1699
1715
1716
1701
1717
1702
1718
1703
1719
1704
1720
1705
1721
1706
1722
1707
1723
1708
1724
1709
1725
1710
1726
1711
1727
1712
1728
1713
1729
1714
1730
1715
1731
1716
1732
1733
1718
1734
1719
1735
1720
1736
1721
1737
1722
1738
1723
1739
1724
1740
1725
1741
1726
1742
1727
1743
1728
1744
1729
1745
1730
1746
1731
1747
1732
1748
1733
1749
1750
1735
1751
1736
1752
1737
1753
1738
1754
1739
1755
1740
1756
1741
1757
1742
1758
1743
1759
1744
1760
1745
1761
1746
1762
1747
1763
1748
1764
1749
1765
1750
1766
1767
1752
1768
1753
1769
1754
1770
1755
1771
1756
1772
1757
1773
1758
1774
1759
1775
1760
1776
1761
1777
1762
1778
1763
1779
1764
1780
1765
1781
1766
1782
1767
1783
1784
1769
1785
1770
1786
1771
1787
1772
1788
1773
1789
1774
1790
1775
1791
1776
1792
1777
1793
1778
1794
1779
1795
1780
1796
1781
1797
1782
1798
1783
1799
1784
1800
1801
1786
1802
1787
1803
1788
1804
1789
1805
1790
1806
1791
1807
1792
1808
1793
1809
1794
1810
1795
1811
1796
1812
1797
1813
1798
1814
1799
1815
1800
1816
1801
1817
1818
1803
1819
1804
1820
1805
1821
1806
1822
1807
1823
1808
1824
1809
1825
1810
1826
1811
1827
1812
1828
1813
1829
1814
1830
1815
1831
1816
1832
1817
1833
1818
1834
1835
1820
1836
1821
1837
1822
1838
1823
1839
1824
1840
1825
1841
1826
1842
1827
1843
1828
1844
1829
1845
1830
1846
1831
1847
1832
1848
1833
1849
1834
1850
1835
1851
1852
1837
1853
1838
1854
1839
1855
1840
1856
1841
1857
1842
1858
1843
1859
1844
1860
1845
1861
1846
1862
1847
1863
1848
1864
1849
1865
1850
1866
1851
1867
1852
1868
1869
1854
1870
1855
1871
1856
1872
1857
1873
1858
1874
1859
1875
1860
1876
1861
1877
1862
1878
1863
1879
1864
1880
1865
1881
1866
1882
1867
1883
1868
1884
1869
1885
1886
1871
1887
1872
1888
1873
1889
1874
1890
1875
1891
1876
1892
1877
1893
1878
1894
1879
1895
1880
1896
1881
1897
1882
1898
1883
1899
1884
1900
1885
1901
1886
1902
1903
1888
1904
1889
1905
1890
1906
1891
1907
1892
1908
1893
1909
1894
1910
1895
1911
1896
1912
1897
1913
1898
1914
1899
1915
1900
1916
1901
1917
1902
1918
1903
1919
1920
1905
1921
1906
1922
1907
1923
1908
1924
1909
1925
1910
1926
1911
1927
1912
1928
1913
1929
1914
1930
1915
1931
1916
1932
1917
1933
1918
1934
1919
1935
1920
1936
1937
1922
1938
1923
1939
1924
1940
1925
1941
1926
1942
1927
1943
1928
1944
1929
1945
1930
1946
1931
1947
1932
1948
1933
1949
1934
1950
1935
1951
1936
1952
1937
1953
1954
1939
1955
1940
1956
1941
1957
1942
1958
1943
1959
1944
1960
1945
1961
1946
1962
1947
1963
1948
1964
1949
1965
1950
1966
1951
1967
1952
1968
1953
1969
1954
1970
1971
1956
1972
1957
1973
1958
1974
1959
1975
1960
1976
1961
1977
1962
1978
1963
1979
1964
1980
1965
1981
1966
1982
1967
1983
1968
1984
1969
1985
1970
1986
1971
1987
1988
1973
1989
1974
1990
1975
1991
1976
1992
1977
1993
1978
1994
1979
1995
1980
1996
1981
1997
1982
1998
1983
1999
1984
2000
1985
2001
1986
2002
1987
2003
1988
2004
2005
1990
2006
1991
2007
1992
2008
1993
2009
1994
2010
1995
2011
1996
2012
1997
2013
1998
2014
1999
2015
2000
2016
2001
2017
2002
2018
2003
2019
2004
2020
2005
2021
2022
2007
2023
2008
2024
2009
2025
2010
2026
2011
2027
2012
2028
2013
2029
2014
2030
2015
2031
2016
2032
2017
2033
2018
2034
2019
2035
2020
2036
2021
2037
2022
2038
2039
2024
2040
2025
2041
2026
2042
2027
2043
2028
2044
2029
2045
2030
2046
2031
2047
2032
2048
2033
2049
2034
2050
2035
2051
2036
2052
2037
2053
2038
2054
2039
2055
2056
2041
2057
2042
2058
2043
2059
2044
2060
2045
2061
2046
2062
2047
2063
2048
2064
2049
2065
2050
2066
2051
2067
2052
2068
2053
2069
2054
2070
2055
2071
2056
2072
2073
2058
2074
2059
2075
2060
2076
2061
2077
2062
2078
2063
2079
2064
2080
2065
2081
2066
2082
2067
2083
2068
2084
2069
2085
2070
2086
2071
2087
2072
2088
2073
2089
2090
2075
2091
2076
2092
2077
2093
2078
2094
2079
2095
2080
2096
2081
2097
2082
2098
2083
2099
2084
2100
2085
2101
2086
2102
2087
2103
2088
2104
2089
2105
2090
2106
2107
2092
2093
2094
2095
2096
2097
2098
2099
2100
2101
2102
2103
2104
2105
2106
2107
)


// ************************************************************************* //
